onset	duration	Experiment - R1AVersuchsperson	Serial_no	Stimulus	Condition	Onset_time	response	response_time	ID_Code	String_length	Word_Number	Valence	Abs_Valence	Arousal	Familiarity	Concreteness	Idiomaticity	Sem_Transp	Knowledge	Accuracy
1,633	2	01DM_loe3998	1	Sie hat etwas vor	99	1633	keine	0	271	17	4	9	9	9	9	9	9	9	9	miss
4,667	2	01DM_loe3998	2	Er mag keine Suppe	99	4667	keine	0	272	18	4	9	9	9	9	9	9	9	9	miss
7,701	2	01DM_loe3998	3	Sie holt fŸr ihn die Sterne vom Himmel	33	7701	keine	0	84	38	8	2,125	2,125	4,375	5,7	2,454545455	3,838892776	5,25	7	miss
12,734	2	01DM_loe3998	4	## ####### ##### #####	77	12734	keine	0	212	22	4	9	9	9	9	9	9	9	9	miss
18,775	2	01DM_loe3998	5	Er prŸgelte ihm die Seele aus dem Leib	11	18775	keine	0	1	38	8	-2,777777778	2,777777778	6	4,2	4,454545455	4,884848485	5,75	7	miss
24,809	2	01DM_loe3998	6	Er geht kaum noch aus dem Haus	44	24809	keine	0	118	30	7	-1	1	4,090909091	5,181818182	4,583333333	999	999	999	miss
29,843	2	01DM_loe3998	7	Mir fŠllt ein Stein vom Herzen	33	29843	keine	0	75	30	6	1,777777778	1,777777778	5,125	6,2	2,909090909	4,029881943	5,75	7	miss
32,883	2	01DM_loe3998	8	Bin ich erleichtert?	88	32883	keine	0	901	20	3	9	9	9	9	9	9	9	9	miss
37,923	2	01DM_loe3998	9	Er kriegte eine GŠnsehaut	22	37923	keine	0	31	25	4	-0,444444444	0,444444444	5,125	6,636363636	5,181818182	4,330756317	4,142857143	7	miss
40,956	2	01DM_loe3998	10	### #### ########	77	40956	keine	0	185	17	3	9	9	9	9	9	9	9	9	miss
43,99	2	01DM_loe3998	11	Sie stinkt vor Faulheit	11	43990	keine	0	4	23	4	-2,222222222	2,222222222	3,75	3,9	4,272727273	3,927592	4,666666667	5,5	miss
48,024	2	01DM_loe3998	12	### #### ##### ######## #### ###	77	48024	keine	0	186	32	6	9	9	9	9	9	9	9	9	miss
51,053	2	01DM_loe3998	13	Ihm ist †bel geworden	44	51053	keine	0	104	21	4	-1,916666667	1,916666667	4,727272727	4,636363636	4,75	999	999	999	miss
58,087	2	01DM_loe3998	14	Er fŸhrt Bšses im Schilde	11	58087	keine	0	8	25	5	-2,111111111	2,111111111	4	5,545454546	2,363636364	3,920169782	4,222222222	6,4	miss
63,116	2	01DM_loe3998	15	### ####### ##### #######	77	63116	keine	0	234	25	4	9	9	9	9	9	9	9	9	miss
67,156	2	01DM_loe3998	16	Er lŠsst sein Herz sprechen	33	67156	keine	0	65	27	5	1,444444444	1,444444444	4,125	4	3,090909091	3,875012971	5,333333333	7	miss
73,185	2	01DM_loe3998	17	Sie machen heute ein Picknick am Strand	66	73185	keine	0	177	39	7	2,166666667	2,166666667	4,363636364	4,636363636	5,5	999	999	999	miss
76,218	2	01DM_loe3998	18	Sie ist †berarbeitet	44	76218	keine	0	110	20	3	-1,75	1,75	5,090909091	5,090909091	3	999	999	999	miss
79,253	2	01DM_loe3998	19	Er ist bekannt wie ein bunter Hund	22	79253	keine	0	57	34	7	0,444444444	0,444444444	2,75	5,1	2,888888889	3,59094947	3,714285714	4,75	miss
84,286	2	01DM_loe3998	20	Sie ist nun ruhig	55	84286	keine	0	146	17	4	0,583333333	0,583333333	4	4,636363636	3,5	999	999	999	miss
91,326	2	01DM_loe3998	21	Springt sie wild herum?	88	91326	keine	0	902	23	4	9	9	9	9	9	9	9	9	miss
96,362	2	01DM_loe3998	22	## ### #### ###### ### ### ########## ##	77	96362	keine	0	250	40	7	9	9	9	9	9	9	9	9	miss
100,395	2	01DM_loe3998	23	Er nimmt es sich zu Herzen	22	100395	keine	0	34	26	6	-0,222222222	0,222222222	4,875	6,181818182	2,818181818	4,078186904	4,222222222	7	miss
103,424	2	01DM_loe3998	24	Sie ist ŸberglŸcklich deswegen	66	103424	keine	0	180	30	4	2,666666667	2,666666667	6,454545455	4,818181818	2,416666667	999	999	999	miss
106,457	2	01DM_loe3998	25	### ### ######### ### #####	77	106457	keine	0	249	27	5	9	9	9	9	9	9	9	9	miss
110,491	2	01DM_loe3998	26	Sie ist unfŠhig	44	110491	keine	0	106	15	3	-1,833333333	1,833333333	5,272727273	4	2,25	999	999	999	miss
114,52	2	01DM_loe3998	27	Sie erzŠhlt was passiert ist	55	114520	keine	0	130	28	5	0	0	3	5,727272727	4,916666667	999	999	999	miss
122,547	2	01DM_loe3998	28	## #### #### #######	77	122547	keine	0	220	20	4	9	9	9	9	9	9	9	9	miss
125,588	2	01DM_loe3998	29	Er redete mit Engelszungen	33	125588	keine	0	61	26	4	1,125	1,125	3,625	3,6	4,090909091	3,771969697	4,625	4,75	miss
129,624	2	01DM_loe3998	30	##### ##### ## ####### #### ########## ### ########	77	129624	keine	0	230	51	8	9	9	9	9	9	9	9	9	miss
132,651	2	01DM_loe3998	31	## ##### ## #### ### #####	77	132651	keine	0	228	26	6	9	9	9	9	9	9	9	9	miss
138,685	2	01DM_loe3998	32	Er grinst wie ein Honigkuchenpferd	33	138685	keine	0	73	34	5	1,666666667	1,666666667	3,875	4,545454546	4,545454546	4,048617879	3	7	miss
142,718	2	01DM_loe3998	33	Sie lag erschšpft im Bett	44	142718	keine	0	119	25	5	-0,833333333	0,833333333	4,636363636	5,454545455	5	999	999	999	miss
146,748	2	01DM_loe3998	34	Sie macht ihr die Hšlle hei¤	11	146748	keine	0	27	28	6	-1,666666667	1,666666667	5,125	5,272727273	3,909090909	4,086060651	5,111111111	7	miss
152,776	2	01DM_loe3998	35	Er grinst †ber beide Ohren	33	152776	keine	0	85	26	5	2,142857143	2,142857143	5	5,333333333	4,818181818	5,050505051	6,222222222	7	miss
160,811	2	01DM_loe3998	36	#### ##### ##### ### ########	77	160811	keine	0	235	29	5	9	9	9	9	9	9	9	9	miss
163,852	2	01DM_loe3998	37	Hast du soeben einen Satz gelesen?	88	163852	keine	0	903	34	6	9	9	9	9	9	9	9	9	miss
168,891	2	01DM_loe3998	38	#### ### ##### #### ####	77	168891	keine	0	231	24	5	9	9	9	9	9	9	9	9	miss
171,925	2	01DM_loe3998	39	Sie macht sich Sorgen um ihre Zukunft	44	171925	keine	0	101	37	7	-2,083333333	2,083333333	5,454545455	5,363636364	2,75	999	999	999	miss
177,959	2	01DM_loe3998	40	Er freundet sich mit ihm an	66	177959	keine	0	165	27	6	1,666666667	1,666666667	4,272727273	4,909090909	3,583333333	999	999	999	miss
181,994	2	01DM_loe3998	41	### ##### ##### ## ### ###### ####	77	181994	keine	0	209	34	7	9	9	9	9	9	9	9	9	miss
185,022	2	01DM_loe3998	42	Er kann das nicht mehr leiden	44	185022	keine	0	115	29	6	-1,25	1,25	4,6	4,454545455	2,416666667	999	999	999	miss
188,055	2	01DM_loe3998	43	Mag er das immernoch gerne?	88	188055	keine	0	904	27	5	9	9	9	9	9	9	9	9	miss
194,096	2	01DM_loe3998	44	## ##### ### ### ###### ### ######	77	194096	keine	0	225	34	7	9	9	9	9	9	9	9	9	miss
200,124	2	01DM_loe3998	45	Er merkt wie sich die Sachen entwickeln	55	200124	keine	0	147	39	7	0,583333333	0,583333333	3,7	4,636363636	2,5	999	999	999	miss
203,159	2	01DM_loe3998	46	Ist ihm die Entwicklung aufgefallen?	88	203159	keine	0	905	36	5	9	9	9	9	9	9	9	9	miss
209,198	2	01DM_loe3998	47	#### ###### ###### #######	77	209198	keine	0	256	26	4	9	9	9	9	9	9	9	9	miss
213,227	2	01DM_loe3998	48	Sie redet nicht um den hei§en Brei	22	213227	keine	0	33	34	7	-0,222222222	0,222222222	3,285714286	5,272727273	3,777777778	3,812515985	2,875	6,5	miss
216,255	2	01DM_loe3998	49	Sie holt sich den Tod	11	216255	keine	0	11	21	5	-2,111111111	2,111111111	4	5,545454546	2,545454546	3,908683056	5,142857143	7	miss
224,289	2	01DM_loe3998	50	Es ist Jacke wie Hose	22	224289	keine	0	46	21	5	0,111111111	0,111111111	5,125	5,4	1,818181818	3,840995304	2,375	6,4	miss
228,329	2	01DM_loe3998	51	Er hegt einen Traum	33	228329	keine	0	77	19	4	1,888888889	1,888888889	3,75	4,090909091	2,545454546	3,856068786	4,625	7	miss
232,359	2	01DM_loe3998	52	Sie denkt Ÿber die Vor- und Nachteile nach	55	232359	keine	0	134	42	8	0,166666667	0,166666667	3,4	4,818181818	2,416666667	999	999	999	miss
240,387	2	01DM_loe3998	53	Er benimmt sich wie ein Elefant im Porzellanladen	11	240387	keine	0	28	49	8	-1,666666667	1,666666667	4,125	5,4	3,363636364	4,014075192	5,714285714	7	miss
243,427	2	01DM_loe3998	54	## ##### ### ### #####	77	243427	keine	0	222	22	5	9	9	9	9	9	9	9	9	miss
250,461	2	01DM_loe3998	55	## ##### ##### ##### ######	77	250461	keine	0	188	27	5	9	9	9	9	9	9	9	9	miss
253,49	2	01DM_loe3998	56	Sie bricht ihm das Herz	11	253490	keine	0	7	23	5	-2,222222222	2,222222222	5,5	6,3	2,909090909	4,041178878	5	7	miss
257,524	2	01DM_loe3998	57	Sie hat die Weisheit mit Lšffeln gefressen	22	257524	keine	0	36	42	7	-0,222222222	0,222222222	3,5	5,2	3,090909091	3,947541587	4,625	7	miss
261,553	2	01DM_loe3998	58	### ##### ##### ##### ##### #### ### ##### ######	77	261553	keine	0	207	49	9	9	9	9	9	9	9	9	9	miss
264,58	2	01DM_loe3998	59	Er schwimmt im Geld	33	264580	keine	0	62	19	4	1,222222222	1,222222222	3	5,1	3,25	3,557714631	5,888888889	7	miss
267,615	2	01DM_loe3998	60	Sie freut sich auf den Urlaub	66	267615	keine	0	173	29	6	1,916666667	1,916666667	5	5,636363636	2,916666667	999	999	999	miss
272,648	2	01DM_loe3998	61	##### ##### ##### ##### #### ####	77	272648	keine	0	189	33	6	9	9	9	9	9	9	9	9	miss
275,688	2	01DM_loe3998	62	### ### ########## ##########	77	275688	keine	0	257	29	4	9	9	9	9	9	9	9	9	miss
278,722	2	01DM_loe3998	63	Er fŸhlt sich entspannt und locker	66	278722	keine	0	162	34	6	1,583333333	1,583333333	4,090909091	4,818181818	3,416666667	999	999	999	miss
282,755	2	01DM_loe3998	64	Sie fŸhlt sich sorglos	66	282755	keine	0	158	22	4	1,416666667	1,416666667	4,454545455	4,636363636	2,083333333	999	999	999	miss
287,783	2	01DM_loe3998	65	Ist sie unbeschwert?	88	287783	keine	0	906	20	3	9	9	9	9	9	9	9	9	miss
293,83	2	01DM_loe3998	66	Es wurde heute aufgerŠumt	55	293830	keine	0	143	25	4	0,333333333	0,333333333	2,909090909	3,818181818	4,833333333	999	999	999	miss
300,859	2	01DM_loe3998	67	### ##### #### ##### ##### ## #####	77	300859	keine	0	210	35	7	9	9	9	9	9	9	9	9	miss
304,888	2	01DM_loe3998	68	#### ### ########## #########	77	304888	keine	0	252	29	4	9	9	9	9	9	9	9	9	miss
307,916	2	01DM_loe3998	69	## ### ##### ######	77	307916	keine	0	261	19	4	9	9	9	9	9	9	9	9	miss
312,95	2	01DM_loe3998	70	Es macht keinen Unterschied fŸr ihn	55	312950	keine	0	124	35	6	-0,090909091	0,090909091	3	5,181818182	2	999	999	999	miss
316,99	2	01DM_loe3998	71	Sie eroberte sein Herz	33	316990	keine	0	80	22	4	2	2	5,125	5,545454546	2,4	3,894545162	5,777777778	6,4	miss
321,019	2	01DM_loe3998	72	Er wird freundlich aufgenommen	66	321019	keine	0	167	30	4	1,833333333	1,833333333	4,545454546	4,636363636	3,333333333	999	999	999	miss
324,047	2	01DM_loe3998	73	Sie lacht Ÿber den Scherz	66	324047	keine	0	161	25	5	1,583333333	1,583333333	4,454545455	4,454545455	5	999	999	999	miss
328,081	2	01DM_loe3998	74	Das ist eine traurige Geschichte	44	328081	keine	0	108	32	5	-1,833333333	1,833333333	5,181818182	4,727272727	2,5	999	999	999	miss
332,11	2	01DM_loe3998	75	#### #### ### ##### ### #####	77	332110	keine	0	229	29	6	9	9	9	9	9	9	9	9	miss
337,138	2	01DM_loe3998	76	Er fŠllt durch die AbschlussprŸfung	44	337138	keine	0	95	35	5	-2,5	2,5	5,454545455	3,454545455	3,833333333	999	999	999	miss
344,177	2	01DM_loe3998	77	Es ist in aller Munde	22	344177	keine	0	55	21	5	0,333333333	0,333333333	3,25	5,4	2,888888889	3,696579703	4,75	7	miss
349,207	2	01DM_loe3998	78	## ### ##### ############	77	349207	keine	0	194	25	4	9	9	9	9	9	9	9	9	miss
352,246	2	01DM_loe3998	79	Er hat bei ihm verspielt	11	352246	keine	0	25	24	5	-1,777777778	1,777777778	4,375	4,818181818	2,363636364	3,915117004	4	7	miss
355,28	2	01DM_loe3998	80	#### ## ### ##### #####	77	355280	keine	0	197	23	5	9	9	9	9	9	9	9	9	miss
358,315	2	01DM_loe3998	81	Hast du soeben viele Dreiecke gesehen?	88	358315	keine	0	907	38	6	9	9	9	9	9	9	9	9	miss
364,354	2	01DM_loe3998	82	Er leidet unter der Trennung seiner Eltern	44	364354	keine	0	99	42	7	-2,166666667	2,166666667	5,636363636	4,727272727	3,083333333	999	999	999	miss
370,382	2	01DM_loe3998	83	Ihr lŠuft die Galle Ÿber	11	370382	keine	0	13	24	5	-2	2	4,285714286	3,333333333	3,454545455	3,691197691	3,125	3,625	miss
374,417	2	01DM_loe3998	84	Es ist nicht so schwierig	55	374417	keine	0	145	25	5	0,5	0,5	3,727272727	4,727272727	2,083333333	999	999	999	miss
381,445	2	01DM_loe3998	85	Er spitzte die Ohren	22	381445	keine	0	59	20	4	0,444444444	0,444444444	3,625	5,5	5,181818182	4,096573349	4	7	miss
389,475	2	01DM_loe3998	86	## ##### ###### ##### #####	77	389475	keine	0	270	28	5	9	9	9	9	9	9	9	9	miss
392,515	2	01DM_loe3998	87	## ## ##########	77	392515	keine	0	239	16	3	9	9	9	9	9	9	9	9	miss
395,549	2	01DM_loe3998	88	Er plaudert aus dem NŠhkŠstchen	22	395549	keine	0	35	31	5	-0,222222222	0,222222222	2,875	4,818181818	3,909090909	4,004474986	2,5	7	miss
399,583	2	01DM_loe3998	89	Sie beschŠftigt sich mit dem Thema	55	399583	keine	0	142	34	6	0,333333333	0,333333333	3,1	5,727272727	2,666666667	999	999	999	miss
404,611	2	01DM_loe3998	90	### #### ####### ##	77	404611	keine	0	241	19	4	9	9	9	9	9	9	9	9	miss
410,651	2	01DM_loe3998	91	Er denkt jetzt daran	55	410651	keine	0	127	20	4	0	0	2,9	5,3	2,333333333	999	999	999	miss
414,685	2	01DM_loe3998	92	Er ist Ÿber alle Berge	22	414685	keine	0	32	22	5	-0,222222222	0,222222222	3,25	5,636363636	2,272727273	3,915657047	3,875	7	miss
422,715	2	01DM_loe3998	93	Die Beschreibung des Projektes ist jetzt verfŸgbar	55	422715	keine	0	136	50	7	0,166666667	0,166666667	2,4	3,909090909	4,166666667	999	999	999	miss
425,754	2	01DM_loe3998	94	Sie schlŠft gut	66	425754	keine	0	168	15	3	1,833333333	1,833333333	4,454545455	5,272727273	4,916666667	999	999	999	miss
430,789	2	01DM_loe3998	95	Hat sie einen gesunden Schlaf?	88	430789	keine	0	908	30	5	9	9	9	9	9	9	9	9	miss
436,834	2	01DM_loe3998	96	Sie ist fit wie ein Turnschuh	33	436834	keine	0	86	29	6	2,333333333	2,333333333	3,375	6,090909091	3,272727273	3,936479301	5,25	6,5	miss
440,863	2	01DM_loe3998	97	Er gewinnt neues Selbstvertrauen	66	440863	keine	0	169	32	4	1,833333333	1,833333333	5,272727273	4,363636364	2,583333333	999	999	999	miss
443,891	2	01DM_loe3998	98	### ##### ### ####### ####	77	443891	keine	0	226	26	5	9	9	9	9	9	9	9	9	miss
449,923	2	01DM_loe3998	99	Sie schwitzte Blut und Wasser	11	449923	keine	0	30	29	5	-1,111111111	1,111111111	4,142857143	4,8	4	4,314285714	4	5	miss
453,96	2	01DM_loe3998	100	#### ###### ####### #########	77	453960	keine	0	251	29	4	9	9	9	9	9	9	9	9	miss
