onset	duration	Experiment - R2AVersuchsperson	Serial_no	Stimulus	Condition	Onset_time	response	response_time	ID_Code	String_length	Word_Number	Valence	Abs_Valence	Arousal	Familiarity	Concreteness	Idiomaticity	Sem_Transp	Knowledge	Accuracy
1,626	2	01DM_loe3998_2	1	Es hat viel damit zu tun	99	1626	keine	0	273	24	6	9	9	9	9	9	9	9	9	miss
4,66	2	01DM_loe3998_2	2	Es st_rt keinen gro¤en Geist	99	4660	keine	0	274	28	5	9	9	9	9	9	9	9	9	miss
7,693	2	01DM_loe3998_2	3	Er hat im Lotto gewonnen	66	7693	keine	0	174	24	5	2	2	5,636363636	4,181818182	4,25	999	999	999	miss
12,728	2	01DM_loe3998_2	4	Hat er die richtigen Zahlen gew_hlt?	88	12728	Ja	1874	917	36	6	9	9	9	9	9	9	9	9	correct
20,773	2	01DM_loe3998_2	5	Es war ein ganz normaler Tag	55	20773	keine	0	125	28	6	-0,083333333	0,083333333	2,9	5,4	1,75	999	999	999	miss
26,807	2	01DM_loe3998_2	6	#### ##### ##### ##### ####	77	26807	keine	0	237	27	5	9	9	9	9	9	9	9	9	miss
31,841	2	01DM_loe3998_2	7	Sie verwirklicht nun ihren Wunsch	66	31841	keine	0	178	33	5	2,166666667	2,166666667	5,363636364	4	2,333333333	999	999	999	miss
34,882	2	01DM_loe3998_2	8	Er folgt der Stimme seines Herzens	33	34882	keine	0	81	34	6	2	2	4,142857143	5,2	2,818181818	3,821729672	5,111111111	7	miss
37,915	2	01DM_loe3998_2	9	Er bringt sie zur Wei¤glut	11	37915	keine	0	16	26	5	-1,888888889	1,888888889	5,75	5,8	2,666666667	3,780924393	3,571428571	7	miss
40,949	2	01DM_loe3998_2	10	Er ist eine falsche Schlange	11	40949	keine	0	6	28	5	-2,222222222	2,222222222	4,375	4,9	2	3,858075672	4	7	miss
43,984	2	01DM_loe3998_2	11	##### ##### #### ###### ##### ######## ###### ####	77	43984	keine	0	187	50	8	9	9	9	9	9	9	9	9	miss
48,017	2	01DM_loe3998_2	12	Er erinnert sich an die letzte Woche	55	48017	keine	0	141	36	7	0,272727273	0,272727273	3	4,636363636	2,090909091	999	999	999	miss
51,045	2	01DM_loe3998_2	13	Sie ist ihr ein Dorn im Auge	11	51045	keine	0	17	28	7	-1,888888889	1,888888889	3,857142857	5,5	3	3,837884849	4,75	5,714285714	miss
58,079	2	01DM_loe3998_2	14	Er ist Ùberheblich	44	58079	keine	0	102	18	3	-2	2	4,909090909	4,818181818	2,5	999	999	999	miss
63,109	2	01DM_loe3998_2	15	Das war eine sch_ne Erinnerung	66	63109	keine	0	166	30	5	1,75	1,75	5	5,363636364	2,166666667	999	999	999	miss
67,148	2	01DM_loe3998_2	16	### ###### ### ##### ###	77	67148	keine	0	200	24	5	9	9	9	9	9	9	9	9	miss
73,177	2	01DM_loe3998_2	17	Er leidet sehr unter der Kritik seines Chefs	44	73177	keine	0	100	44	8	-2,083333333	2,083333333	5,727272727	3,636363636	3,833333333	999	999	999	miss
76,211	2	01DM_loe3998_2	18	Hat ihn seine Arbeitskollegin kritisiert?	88	76211	Nein	2321	918	41	5	9	9	9	9	9	9	9	9	correct
81,251	2	01DM_loe3998_2	19	Sie ist z_h wie Leder	22	81251	keine	0	50	21	5	0,222222222	0,222222222	3,25	3,4	3,363636364	3,760535501	6,444444444	5,166666667	miss
86,285	2	01DM_loe3998_2	20	Sie tr_gt das Herz auf der Zunge	22	86285	keine	0	56	32	7	0,333333333	0,333333333	4	3,727272727	3,363636364	3,820586099	4,333333333	6	miss
93,325	2	01DM_loe3998_2	21	#### ## ### ##### ######	77	93325	keine	0	232	24	5	9	9	9	9	9	9	9	9	miss
96,351	2	01DM_loe3998_2	22	### #### #### ### ######	77	96351	keine	0	193	24	5	9	9	9	9	9	9	9	9	miss
100,387	2	01DM_loe3998_2	23	Er tr_umt in den Tag hinein	22	100387	keine	0	38	27	6	-0,111111111	0,111111111	3,5	4,8	2,090909091	3,727815594	5,333333333	4,75	miss
103,416	2	01DM_loe3998_2	24	Er hat Schmetterlinge im Bauch	33	103416	keine	0	87	30	5	2,375	2,375	4,75	6	3,363636364	4,064976457	3,375	7	miss
106,45	2	01DM_loe3998_2	25	Sie hat lange darunter gelitten	44	106450	keine	0	96	31	5	-2,333333333	2,333333333	5,636363636	5,090909091	2,5	999	999	999	miss
110,483	2	01DM_loe3998_2	26	Mir ist es das wert	66	110483	keine	0	154	19	5	1,25	1,25	4,272727273	5,9	1,666666667	999	999	999	miss
114,512	2	01DM_loe3998_2	27	Er spaziert durch die Sonne	66	114512	keine	0	153	27	5	1,166666667	1,166666667	3,909090909	4,727272727	5,333333333	999	999	999	miss
122,541	2	01DM_loe3998_2	28	Er hat einen an der Birne	11	122541	keine	0	15	25	6	-1,888888889	1,888888889	3	4,222222222	2,6	3,274074074	2,285714286	5	miss
125,581	2	01DM_loe3998_2	29	### ##### ### #### #######	77	125581	keine	0	201	26	5	9	9	9	9	9	9	9	9	miss
129,615	2	01DM_loe3998_2	30	Es passt wie die Faust aufs Auge	33	129615	keine	0	68	32	7	1,666666667	1,666666667	3	5,9	2,9	3,753424585	4	7	miss
132,643	2	01DM_loe3998_2	31	### #### #### #### ###### ######	77	132643	keine	0	254	32	6	9	9	9	9	9	9	9	9	miss
138,677	2	01DM_loe3998_2	32	Sie hat einen Schnupfen	44	138677	keine	0	112	23	4	-1,75	1,75	3,545454546	4,545454546	5,333333333	999	999	999	miss
142,712	2	01DM_loe3998_2	33	L_uft ihre Nase?	88	142712	keine	0	919	16	3	9	9	9	9	9	9	9	9	miss
148,747	2	01DM_loe3998_2	34	## #### #### ##### ### ### #####	77	148747	keine	0	248	32	7	9	9	9	9	9	9	9	9	miss
154,775	2	01DM_loe3998_2	35	#### ###### #########	77	154775	keine	0	233	21	3	9	9	9	9	9	9	9	9	miss
162,81	2	01DM_loe3998_2	36	### ####### ###### ########### ##	77	162810	keine	0	269	33	5	9	9	9	9	9	9	9	9	miss
165,85	2	01DM_loe3998_2	37	Sie wird herzlich begrÙ¤t	66	165850	keine	0	171	25	4	1,916666667	1,916666667	5,454545455	5,545454546	4,916666667	999	999	999	miss
168,884	2	01DM_loe3998_2	38	War der Empfang unfreundlich?	88	168884	Nein	1538	920	29	4	9	9	9	9	9	9	9	9	correct
173,923	2	01DM_loe3998_2	39	Sie sieht alles schwarz	11	173923	keine	0	2	23	4	-2,222222222	2,222222222	3,875	5,454545455	3,727272727	4,079161024	4,888888889	6,7	miss
179,957	2	01DM_loe3998_2	40	Sie machte ihn zur Sau	11	179957	keine	0	20	22	5	-1,888888889	1,888888889	5,125	5,5	3,181818182	4,02007152	3,25	7	miss
183,993	2	01DM_loe3998_2	41	### ######### #### ########### ### ### ######	77	183993	keine	0	260	45	7	9	9	9	9	9	9	9	9	miss
187,021	2	01DM_loe3998_2	42	Wurden dir soeben kleine Kreise gezeigt?	88	187021	Nein	1997	921	40	6	9	9	9	9	9	9	9	9	correct
192,06	2	01DM_loe3998_2	43	Er schÙttet ihr sein Herz aus	22	192060	keine	0	51	29	6	0,222222222	0,222222222	4,625	5,909090909	2,888888889	3,851628559	5,444444444	7	miss
196,094	2	01DM_loe3998_2	44	Offenbart er ihr seine GefÙhle?	88	196094	Ja	1653	922	31	5	9	9	9	9	9	9	9	9	correct
204,128	2	01DM_loe3998_2	45	Er schreibt seine Gedanken auf	55	204128	keine	0	137	30	5	0,166666667	0,166666667	3,6	4,454545455	4,5	999	999	999	miss
207,162	2	01DM_loe3998_2	46	#### ###### ####### #####	77	207162	keine	0	191	25	4	9	9	9	9	9	9	9	9	miss
211,196	2	01DM_loe3998_2	47	Sie lernte es mÙhelos	66	211196	keine	0	156	21	4	1,333333333	1,333333333	4,363636364	3,909090909	3,25	999	999	999	miss
215,225	2	01DM_loe3998_2	48	Er ist krank geworden	44	215225	keine	0	93	21	4	-2,583333333	2,583333333	4,272727273	4,909090909	4,166666667	999	999	999	miss
218,254	2	01DM_loe3998_2	49	Sie plant eine Zugfahrt	55	218254	keine	0	148	23	4	0,666666667	0,666666667	2,8	3,909090909	4,083333333	999	999	999	miss
226,288	2	01DM_loe3998_2	50	Sie bespricht die Angelegenheit mit ihren Kollegen	55	226288	keine	0	126	50	7	0	0	3,181818182	5,181818182	5,363636364	999	999	999	miss
230,327	2	01DM_loe3998_2	51	### ##### #### ##### ####	77	230327	keine	0	243	25	5	9	9	9	9	9	9	9	9	miss
234,356	2	01DM_loe3998_2	52	Sie schaut ihn liebevoll an	66	234356	keine	0	175	27	5	2	2	5,272727273	5,363636364	5,75	999	999	999	miss
242,384	2	01DM_loe3998_2	53	## ###### ###############	77	242384	keine	0	262	25	3	9	9	9	9	9	9	9	9	miss
245,425	2	01DM_loe3998_2	54	Sie ist stur wie ein Bock	11	245425	keine	0	22	25	6	-1,777777778	1,777777778	3,375	5,1	2,4	3,724225263	5,375	7	miss
252,459	2	01DM_loe3998_2	55	Sie ist schlechter Stimmung	44	252459	keine	0	113	27	4	-1,583333333	1,583333333	5	4,545454546	2,916666667	999	999	999	miss
255,488	2	01DM_loe3998_2	56	Er bereitet sich darauf vor	55	255488	keine	0	144	27	5	0,416666667	0,416666667	2,9	5,545454546	2,833333333	999	999	999	miss
259,522	2	01DM_loe3998_2	57	Sie hat Geld ohne Ende	33	259522	keine	0	64	22	5	1,444444444	1,444444444	3,5	4,6	2	3,769601367	5,875	7	miss
263,55	2	01DM_loe3998_2	58	### #### ##### ##### #####	77	263550	keine	0	258	26	5	9	9	9	9	9	9	9	9	miss
266,579	2	01DM_loe3998_2	59	Er schweigt wie ein Grab	22	266579	keine	0	47	24	5	0,111111111	0,111111111	3,75	5,454545455	4	4,004517337	5,888888889	6,5	miss
269,613	2	01DM_loe3998_2	60	### #### ## ### #####	77	269613	keine	0	202	21	5	9	9	9	9	9	9	9	9	miss
274,647	2	01DM_loe3998_2	61	Er ist wÙtend auf sie	44	274647	keine	0	103	21	5	-2	2	5,727272727	5,272727273	3,583333333	999	999	999	miss
277,687	2	01DM_loe3998_2	62	Sie steckt bis Ùber die Ohren in Schulden	11	277687	keine	0	14	41	8	-2	2	4	4,6	2,454545455	3,812915363	6,125	7	miss
280,721	2	01DM_loe3998_2	63	Sie haben sowohl Ûhnliche wie auch unterschiedliche Ansichten	55	280721	keine	0	139	61	8	0,181818182	0,181818182	3,1	4	2,75	999	999	999	miss
284,755	2	01DM_loe3998_2	64	### ####### #### ##### #### ############	77	284755	keine	0	245	40	6	9	9	9	9	9	9	9	9	miss
289,783	2	01DM_loe3998_2	65	## ####### ## #########	77	289783	keine	0	218	23	4	9	9	9	9	9	9	9	9	miss
293,823	2	01DM_loe3998_2	66	## ##### #### ####	77	293823	keine	0	236	18	4	9	9	9	9	9	9	9	9	miss
300,851	2	01DM_loe3998_2	67	Es hat nichts damit zu tun	55	300851	keine	0	131	26	6	0	0	2,7	5,4	1,666666667	999	999	999	miss
304,88	2	01DM_loe3998_2	68	Sie redet Klartext	22	304880	keine	0	58	18	3	0,444444444	0,444444444	4,25	6,1	4,818181818	4,1943856	5,666666667	7	miss
307,909	2	01DM_loe3998_2	69	Es ist eine Augenweide	33	307909	keine	0	76	22	4	1,777777778	1,777777778	3,857142857	5,6	2,625	3,563778739	3,222222222	7	miss
312,943	2	01DM_loe3998_2	70	### ### ##### #############	77	312943	keine	0	238	27	4	9	9	9	9	9	9	9	9	miss
316,982	2	01DM_loe3998_2	71	#### ###### ######	77	316982	keine	0	190	18	3	9	9	9	9	9	9	9	9	miss
321,012	2	01DM_loe3998_2	72	### ##### ####### ### ### ### ######### #####	77	321012	keine	0	267	45	8	9	9	9	9	9	9	9	9	miss
324,039	2	01DM_loe3998_2	73	Das hat viele Vorteile	66	324039	keine	0	152	22	4	1,083333333	1,083333333	3,818181818	5,545454546	1,75	999	999	999	miss
328,073	2	01DM_loe3998_2	74	Er platzt vor Neid	11	328073	keine	0	18	18	4	-1,888888889	1,888888889	4,375	5,272727273	3,090909091	3,976193063	5,777777778	6	miss
332,102	2	01DM_loe3998_2	75	## ##### ###### ###########	77	332102	keine	0	268	27	4	9	9	9	9	9	9	9	9	miss
337,13	2	01DM_loe3998_2	76	Sie setzen ihn auf freien Fu¤	22	337130	keine	0	49	29	6	0,222222222	0,222222222	3	5,1	2,222222222	3,505876556	3,777777778	7	miss
344,17	2	01DM_loe3998_2	77	### ### #########	77	344170	keine	0	240	17	3	9	9	9	9	9	9	9	9	miss
349,2	2	01DM_loe3998_2	78	### ### ##### ######## ###########	77	349200	keine	0	244	34	5	9	9	9	9	9	9	9	9	miss
352,239	2	01DM_loe3998_2	79	### ### ##### ### #### #####	77	352239	keine	0	203	28	6	9	9	9	9	9	9	9	9	miss
355,273	2	01DM_loe3998_2	80	Sie reagierte enthusiastisch auf den Vorschlag	66	355273	keine	0	160	46	6	1,5	1,5	5,545454546	3,818181818	3,916666667	999	999	999	miss
358,307	2	01DM_loe3998_2	81	Er ist ein anstrengender Mensch	44	358307	keine	0	111	31	5	-1,75	1,75	5	5,454545455	2,75	999	999	999	miss
362,341	2	01DM_loe3998_2	82	Es hat sich nichts bei ihr ver_ndert	55	362341	keine	0	121	36	7	-0,272727273	0,272727273	2,9	4,545454546	1,75	999	999	999	miss
368,37	2	01DM_loe3998_2	83	Ist bei ihr alles beim Alten geblieben?	88	368370	Ja	2502	923	39	7	9	9	9	9	9	9	9	9	correct
374,41	2	01DM_loe3998_2	84	### ####### #### ### ### ######## ### #########	77	374410	keine	0	206	47	8	9	9	9	9	9	9	9	9	miss
381,439	2	01DM_loe3998_2	85	Hast du soeben eine Buchstabenreihe gelesen?	88	381439	Nein	1777	924	44	6	9	9	9	9	9	9	9	9	correct
391,473	2	01DM_loe3998_2	86	Er ist wie aus dem Ei gepellt	33	391473	keine	0	63	29	7	1,333333333	1,333333333	2,75	4,636363636	3,181818182	3,856886217	4,777777778	6,5	miss
394,513	2	01DM_loe3998_2	87	### ### #########	77	394513	keine	0	247	17	3	9	9	9	9	9	9	9	9	miss
397,547	2	01DM_loe3998_2	88	Es w_chst ihr ans Herz	33	397547	keine	0	72	22	5	1,666666667	1,666666667	4,125	5,909090909	2,909090909	3,992602731	3,777777778	7	miss
401,581	2	01DM_loe3998_2	89	## #### #### #####	77	401581	keine	0	259	18	4	9	9	9	9	9	9	9	9	miss
406,61	2	01DM_loe3998_2	90	Er lebt wie Gott in Frankreich	33	406610	keine	0	66	30	6	1,555555556	1,555555556	3,875	4,2	2,333333333	3,564309236	3,25	7	miss
412,65	2	01DM_loe3998_2	91	Sie ist im siebten Himmel	33	412650	keine	0	89	25	5	2,666666667	2,666666667	5,25	5,818181818	2	4,014157968	3,666666667	7	miss
416,684	2	01DM_loe3998_2	92	Er ist ein alter Hase	22	416684	keine	0	60	21	5	0,444444444	0,444444444	2,142857143	5	2,272727273	3,661113748	2	6	miss
424,713	2	01DM_loe3998_2	93	Sie legt nicht jedes Wort auf die Goldwaage	22	424713	keine	0	41	43	8	-0,111111111	0,111111111	3,5	5,3	2,1	3,691932371	5,428571429	6,25	miss
427,754	2	01DM_loe3998_2	94	Sie Ùberlegt sich wie sie weitermachen kann	55	427754	keine	0	128	43	7	0	0	4,1	5,363636364	2,583333333	999	999	999	miss
432,787	2	01DM_loe3998_2	95	Sie h_lt ihre Zunge im Zaum	22	432787	keine	0	48	27	6	0,111111111	0,111111111	2,75	4,7	3,454545455	3,802867848	5,125	6,25	miss
436,827	2	01DM_loe3998_2	96	Er hatte Schwierigkeiten damit	44	436827	keine	0	117	30	4	-1,166666667	1,166666667	4,727272727	5	1,916666667	999	999	999	miss
440,855	2	01DM_loe3998_2	97	Sie spuckte Gift und Galle	11	440855	keine	0	19	26	5	-1,888888889	1,888888889	5,375	3,9	3,625	3,736640956	4,125	6	miss
443,884	2	01DM_loe3998_2	98	Sie ist davon verwirrt	44	443884	keine	0	116	22	4	-1,166666667	1,166666667	4,363636364	5,545454546	2,666666667	999	999	999	miss
449,918	2	01DM_loe3998_2	99	## ### ## ######### ###### ### #####	77	449918	keine	0	213	36	7	9	9	9	9	9	9	9	9	miss
453,952	2	01DM_loe3998_2	100	Er hat einen guten Draht zu ihm	33	453952	keine	0	79	31	7	2	2	3,5	6,272727273	2	3,794818339	5	7	miss
