onset	duration	Experiment - R3AVersuchsperson	Serial_no	Stimulus	Condition	Onset_time	response	response_time	ID_Code	String_length	Word_Number	Valence	Abs_Valence	Arousal	Familiarity	Concreteness	Idiomaticity	Sem_Transp	Knowledge	Accuracy
1,619	2	01DM_loe3998_3	1	Er bekam sein Fett weg	99	1619	keine	0	275	22	5	9	9	9	9	9	9	9	9	miss
4,652	2	01DM_loe3998_3	2	Sie ist sehr konzentriert	99	4652	keine	0	276	25	4	9	9	9	9	9	9	9	9	miss
7,687	2	01DM_loe3998_3	3	Sie wird dafŸr hart bestraft	44	7687	keine	0	94	28	5	-2,5	2,5	5,727272727	3,545454546	3,583333333	999	999	999	miss
12,72	2	01DM_loe3998_3	4	## ##### ### #####	77	12720	keine	0	198	18	4	9	9	9	9	9	9	9	9	miss
18,761	2	01DM_loe3998_3	5	Das war eine schwierige Entscheidung	44	18761	keine	0	120	36	5	-0,363636364	0,363636364	5	5,909090909	2,166666667	999	999	999	miss
24,794	2	01DM_loe3998_3	6	Sie hat einen Geistesblitz	33	24794	keine	0	74	26	4	1,777777778	1,777777778	3,875	5,7	3,454545455	3,908511154	3,875	6,8	miss
29,829	2	01DM_loe3998_3	7	Alles ist in Ordnung	66	29829	keine	0	155	20	4	1,25	1,25	3,727272727	5,454545455	1,916666667	999	999	999	miss
32,869	2	01DM_loe3998_3	8	Er feuerte ihn	11	32869	keine	0	10	14	3	-2,111111111	2,111111111	4,875	6,636363636	3,555555556	4,003443973	2,75	5,8	miss
35,904	2	01DM_loe3998_3	9	Er wird den ganzen Tag in der Schule geŠrgert	44	35904	keine	0	92	45	9	-2,583333333	2,583333333	4,818181818	3,727272727	3,916666667	999	999	999	miss
38,937	2	01DM_loe3998_3	10	Er lŠsst kein gutes Haar daran	11	38937	keine	0	26	30	6	-1,75	1,75	3,625	5,222222222	2	3,634250914	3,888888889	7	miss
41,971	2	01DM_loe3998_3	11	Ist seine Kritik negativ?	88	41971	Ja	2240	909	25	4	9	9	9	9	9	9	9	9	correct
48,009	2	01DM_loe3998_3	12	Er fŸhlt sich nicht wohl	44	48009	keine	0	107	24	5	-1,833333333	1,833333333	4,727272727	5,181818182	2,75	999	999	999	miss
51,043	2	01DM_loe3998_3	13	## ### #### ###### ### ### ### ####### ########	77	51043	keine	0	216	47	9	9	9	9	9	9	9	9	9	miss
58,073	2	01DM_loe3998_3	14	Sie verbrachten ein entspanntes Wochenende	66	58073	keine	0	172	42	5	1,916666667	1,916666667	4,909090909	5,636363636	3,333333333	999	999	999	miss
63,102	2	01DM_loe3998_3	15	Er ist auf seinen Sohn sehr stolz	66	63102	keine	0	163	33	7	1,666666667	1,666666667	5,545454546	3,727272727	3,416666667	999	999	999	miss
67,142	2	01DM_loe3998_3	16	Sie versteht was er meint	55	67142	keine	0	149	25	5	0,666666667	0,666666667	3,454545455	5,545454546	3,25	999	999	999	miss
73,17	2	01DM_loe3998_3	17	Er hat seine Gelegenheit leider verpasst	44	73170	keine	0	114	40	6	-1,416666667	1,416666667	4,727272727	3,545454546	2,416666667	999	999	999	miss
76,204	2	01DM_loe3998_3	18	Er ist ein Waschlappen	11	76204	keine	0	21	22	4	-1,888888889	1,888888889	3,625	4,545454546	2,3	3,782453788	2,444444444	5,8	miss
79,237	2	01DM_loe3998_3	19	Sie wŠgt ihre Worte ab	22	79237	keine	0	43	22	5	0	0	1,875	5,272727273	2,818181818	3,743860744	5,428571429	7	miss
84,272	2	01DM_loe3998_3	20	### ####### #### ### ######	77	84272	keine	0	211	27	5	9	9	9	9	9	9	9	9	miss
91,312	2	01DM_loe3998_3	21	### ##### ##### ### ### ## ######	77	91312	keine	0	219	33	7	9	9	9	9	9	9	9	9	miss
94,341	2	01DM_loe3998_3	22	Er ist total zufrieden mit sich	66	94341	keine	0	179	31	6	2,583333333	2,583333333	5,545454546	4,818181818	2,833333333	999	999	999	miss
98,375	2	01DM_loe3998_3	23	Er dreht das Rad der Zeit zurŸck	22	98375	keine	0	44	32	7	0	0	3,625	4	1,909090909	3,570017449	5,111111111	7	miss
101,403	2	01DM_loe3998_3	24	Sie lŠsst die Seele baumeln	33	101403	keine	0	70	27	5	1,666666667	1,666666667	3,625	5,727272727	3,181818182	4,0092095	3,625	7	miss
104,437	2	01DM_loe3998_3	25	Er kontrolliert gerade den Ablauf	55	104437	keine	0	123	33	5	-0,25	0,25	3,5	4,090909091	3,090909091	999	999	999	miss
108,471	2	01DM_loe3998_3	26	## ### ##### ######## ##### #########	77	108471	keine	0	246	37	6	9	9	9	9	9	9	9	9	miss
112,499	2	01DM_loe3998_3	27	### ### #### ##### ####	77	112499	keine	0	196	23	5	9	9	9	9	9	9	9	9	miss
120,528	2	01DM_loe3998_3	28	Sie verpasste ihm einen Denkzettel	11	120528	keine	0	29	34	5	-1,555555556	1,555555556	4,375	5,272727273	2,272727273	3,885302287	5	6	miss
123,569	2	01DM_loe3998_3	29	Sie bekommt einen Auftrag	55	123569	keine	0	140	25	4	0,25	0,25	4	4,363636364	3,5	999	999	999	miss
127,603	2	01DM_loe3998_3	30	### ####### #### ######## ## ###	77	127603	keine	0	266	32	6	9	9	9	9	9	9	9	9	miss
130,631	2	01DM_loe3998_3	31	Es steht noch in den Sternen	22	130631	keine	0	52	28	6	0,25	0,25	2,375	4,818181818	2,090909091	3,644557397	3,5	6,571428571	miss
136,666	2	01DM_loe3998_3	32	Er lŠsst sich deswegen keine grauen Haare wachsen	22	136666	keine	0	54	49	8	0,333333333	0,333333333	2,5	3,8	3,636363636	3,711672241	3,571428571	6,8	miss
140,699	2	01DM_loe3998_3	33	####### ### ###### ######### ##### ####	77	140699	keine	0	183	39	6	9	9	9	9	9	9	9	9	miss
144,728	2	01DM_loe3998_3	34	Er ist dumm wie Brot	11	144728	keine	0	3	20	5	-2,222222222	2,222222222	4,25	6,1	1,818181818	3,81565291	4,222222222	7	miss
150,756	2	01DM_loe3998_3	35	Ist er ein schlauer Typ?	88	150756	Nein	1495	910	24	4	9	9	9	9	9	9	9	9	correct
160,797	2	01DM_loe3998_3	36	Sie fŸhlt sich gesund und aktiv	66	160797	keine	0	170	31	6	1,916666667	1,916666667	4,818181818	4,363636364	4,416666667	999	999	999	miss
163,837	2	01DM_loe3998_3	37	Er verliert seine Arbeit	44	163837	keine	0	97	24	4	-2,333333333	2,333333333	5,454545455	4,272727273	3,416666667	999	999	999	miss
166,871	2	01DM_loe3998_3	38	Sie ist in der BlŸte ihrer Jahre	33	166871	keine	0	69	32	7	1,666666667	1,666666667	3,5	4,7	2,545454546	3,864187118	5,444444444	6,625	miss
169,905	2	01DM_loe3998_3	39	Es geht um tŠgliche Aufgaben	55	169905	keine	0	129	28	5	0	0	2,818181818	4,545454546	2,333333333	999	999	999	miss
175,939	2	01DM_loe3998_3	40	Sie Šrgert sich Ÿber ihren Vorgesetzten	44	175939	keine	0	109	39	6	-1,75	1,75	5	4	4,416666667	999	999	999	miss
179,972	2	01DM_loe3998_3	41	Sie ist sehr unaufrichtig	44	179972	keine	0	105	25	4	-1,916666667	1,916666667	4,909090909	2,909090909	2,5	999	999	999	miss
183,002	2	01DM_loe3998_3	42	Sie ist nur noch Haut und Knochen	11	183002	keine	0	12	33	7	-2	2	3,625	5,545454546	4	4,077898397	5,666666667	7	miss
186,035	2	01DM_loe3998_3	43	#### ##### #### #####	77	186035	keine	0	184	21	4	9	9	9	9	9	9	9	9	miss
190,068	2	01DM_loe3998_3	44	Sie genie§t ihre Freizeit	66	190068	keine	0	164	25	4	1,666666667	1,666666667	5,090909091	5,909090909	2,916666667	999	999	999	miss
196,098	2	01DM_loe3998_3	45	## #### ##### ##########	77	196098	keine	0	221	24	4	9	9	9	9	9	9	9	9	miss
199,132	2	01DM_loe3998_3	46	### ### ##### #########	77	199132	keine	0	227	23	4	9	9	9	9	9	9	9	9	miss
203,166	2	01DM_loe3998_3	47	## ### ####### #######	77	203166	keine	0	242	22	4	9	9	9	9	9	9	9	9	miss
207,195	2	01DM_loe3998_3	48	### ### #### ### ###### ## ####	77	207195	keine	0	199	31	7	9	9	9	9	9	9	9	9	miss
210,223	2	01DM_loe3998_3	49	Er schwebt auf Wolke sieben	33	210223	keine	0	90	27	5	2,777777778	2,777777778	5	5,2	2,636363636	3,963158968	4,25	7	miss
218,257	2	01DM_loe3998_3	50	Er ist bis Ÿber beide Ohren verliebt	33	218257	keine	0	88	36	7	2,555555556	2,555555556	5,5	6	2,727272727	4,021927447	4,125	7	miss
222,297	2	01DM_loe3998_3	51	Sie macht einen Vorschlag	55	222297	keine	0	122	25	4	-0,25	0,25	3,090909091	5,181818182	3,909090909	999	999	999	miss
226,326	2	01DM_loe3998_3	52	Sie schaffen das ganz gut	66	226326	keine	0	151	25	5	1,083333333	1,083333333	4,363636364	5,454545455	2,333333333	999	999	999	miss
234,355	2	01DM_loe3998_3	53	## ### ####### ##### ######	77	234355	keine	0	265	27	5	9	9	9	9	9	9	9	9	miss
237,395	2	01DM_loe3998_3	54	Es ist gehŸpft wie gesprungen	22	237395	keine	0	42	29	5	0	0	2,625	5,111111111	2,111111111	3,451564843	4,5	5	miss
244,428	2	01DM_loe3998_3	55	### ####### #### ###	77	244428	keine	0	192	20	4	9	9	9	9	9	9	9	9	miss
247,458	2	01DM_loe3998_3	56	Hast du soeben viele Rautezeichen gesehen?	88	247458	Ja	2231	911	42	6	9	9	9	9	9	9	9	9	correct
253,497	2	01DM_loe3998_3	57	Alles lŠuft wie immer	55	253497	keine	0	138	21	4	0,166666667	0,166666667	3,4	5	1,75	999	999	999	miss
257,526	2	01DM_loe3998_3	58	Er ist darauf neutral	55	257526	keine	0	133	21	4	0,090909091	0,090909091	2,5	3,1	2	999	999	999	miss
260,555	2	01DM_loe3998_3	59	Ist er dagegen?	88	260555	Nein	1976	912	15	3	9	9	9	9	9	9	9	9	correct
265,595	2	01DM_loe3998_3	60	## ##### ### ##### ### #######	77	265595	keine	0	223	30	6	9	9	9	9	9	9	9	9	miss
270,628	2	01DM_loe3998_3	61	Er steht im Zenit seines Lebens	33	270628	keine	0	71	31	6	1,666666667	1,666666667	3,625	3	2,727272727	3,675413869	4,875	5,5	miss
273,668	2	01DM_loe3998_3	62	### ###### #######	77	273668	keine	0	215	18	3	9	9	9	9	9	9	9	9	miss
276,702	2	01DM_loe3998_3	63	### ### #### ### #####	77	276702	keine	0	214	22	5	9	9	9	9	9	9	9	9	miss
280,735	2	01DM_loe3998_3	64	Sie veranstalten eine Party fŸr ihn	66	280735	keine	0	159	35	6	1,5	1,5	4,181818182	4,545454546	4,833333333	999	999	999	miss
285,764	2	01DM_loe3998_3	65	Er kommt Ÿber die Runden	22	285764	keine	0	39	24	5	-0,111111111	0,111111111	2,25	5,7	1,333333333	3,314000988	3,375	7	miss
289,804	2	01DM_loe3998_3	66	Er ist Feuer und Flamme	33	289804	keine	0	82	23	5	2,111111111	2,111111111	4,285714286	5,7	3,272727273	3,844404201	3,125	7	miss
296,833	2	01DM_loe3998_3	67	Sie schert sich zum Teufel	11	296833	keine	0	5	26	5	-2,222222222	2,222222222	4,625	4,818181818	2,3	3,823033539	3,888888889	7	miss
300,862	2	01DM_loe3998_3	68	Er ist daran verzweifelt	44	300862	keine	0	91	24	4	-2,666666667	2,666666667	5,545454546	5,636363636	1,916666667	999	999	999	miss
303,89	2	01DM_loe3998_3	69	## ### ######### #####	77	303890	keine	0	204	22	4	9	9	9	9	9	9	9	9	miss
308,924	2	01DM_loe3998_3	70	### #### ### ##### ######## ##	77	308924	keine	0	253	30	6	9	9	9	9	9	9	9	9	miss
312,964	2	01DM_loe3998_3	71	### #### #### #########	77	312964	keine	0	181	23	4	9	9	9	9	9	9	9	9	miss
316,992	2	01DM_loe3998_3	72	Sie baut Luftschlšsser	22	316992	keine	0	37	22	3	-0,125	0,125	3,75	4,1	2,181818182	3,684456299	5,375	7	miss
320,021	2	01DM_loe3998_3	73	Das ist beruhigend	66	320021	keine	0	157	18	3	1,333333333	1,333333333	4,363636364	5,636363636	3,083333333	999	999	999	miss
324,055	2	01DM_loe3998_3	74	Wird man davon nervšs?	88	324055	Nein	2388	913	22	4	9	9	9	9	9	9	9	9	correct
330,09	2	01DM_loe3998_3	75	Sie kommt auf einen Sprung herein	22	330090	keine	0	53	33	6	0,25	0,25	2,375	4,9	3,545454546	3,789847865	3,25	7	miss
335,118	2	01DM_loe3998_3	76	#### #### ###### ##### ####	77	335118	keine	0	182	27	5	9	9	9	9	9	9	9	9	miss
342,158	2	01DM_loe3998_3	77	Wurde dir soeben ein Satz prŠsentiert?	88	342158	Nein	1786	914	38	6	9	9	9	9	9	9	9	9	correct
349,193	2	01DM_loe3998_3	78	Sie strukturiert ihre Arbeit	55	349193	keine	0	150	28	4	0,833333333	0,833333333	2,909090909	4,636363636	4	999	999	999	miss
352,232	2	01DM_loe3998_3	79	Sie haben einen Bericht geschrieben	55	352232	keine	0	132	35	5	0,083333333	0,083333333	2,909090909	5,090909091	4,583333333	999	999	999	miss
355,266	2	01DM_loe3998_3	80	Sie ist unsterblich verliebt	33	355266	keine	0	78	28	4	1,888888889	1,888888889	5	6,1	2,363636364	3,974284916	5,111111111	6,625	miss
358,3	2	01DM_loe3998_3	81	Empfindet sie gro§e Zuneigung?	88	358300	Ja	3046	915	30	4	9	9	9	9	9	9	9	9	correct
364,34	2	01DM_loe3998_3	82	Er betrachtet es genau	55	364340	keine	0	135	22	4	0,166666667	0,166666667	3,3	4,909090909	5,636363636	999	999	999	miss
370,368	2	01DM_loe3998_3	83	#### #### ##### ##########	77	370368	keine	0	255	26	4	9	9	9	9	9	9	9	9	miss
374,403	2	01DM_loe3998_3	84	### ##### ### ##### ####	77	374403	keine	0	195	24	5	9	9	9	9	9	9	9	9	miss
381,432	2	01DM_loe3998_3	85	### ### ## ### ##### ###### #####	77	381432	keine	0	224	33	7	9	9	9	9	9	9	9	9	miss
389,461	2	01DM_loe3998_3	86	## ### ### ### ### ### ####### ##	77	389461	keine	0	217	33	8	9	9	9	9	9	9	9	9	miss
392,5	2	01DM_loe3998_3	87	Er hintergeht sie	44	392500	keine	0	98	17	3	-2,25	2,25	5,272727273	4,636363636	3,166666667	999	999	999	miss
395,535	2	01DM_loe3998_3	88	Wird sie betrogen?	88	395535	Ja	1326	916	18	3	9	9	9	9	9	9	9	9	correct
401,575	2	01DM_loe3998_3	89	Sie sŠuft wie ein Loch	11	401575	keine	0	24	22	5	-1,777777778	1,777777778	4	5	4	3,890047159	4,75	7	miss
406,603	2	01DM_loe3998_3	90	### ###### ##### ######## #########	77	406603	keine	0	263	35	5	9	9	9	9	9	9	9	9	miss
412,642	2	01DM_loe3998_3	91	Sie lassen Gras Ÿber die Sache wachsen	22	412642	keine	0	45	38	7	0	0	2,75	4,909090909	2,454545455	3,805733947	4,5	7	miss
416,677	2	01DM_loe3998_3	92	Er genie§t die Gesellschaft	66	416677	keine	0	176	27	4	2	2	5	5,181818182	3,333333333	999	999	999	miss
424,706	2	01DM_loe3998_3	93	Sie ist die Ehrlichkeit in Person	33	424706	keine	0	83	33	6	2,111111111	2,111111111	3,375	5	2,272727273	3,861333287	5,875	7	miss
427,746	2	01DM_loe3998_3	94	## ### ###### ######	77	427746	keine	0	208	20	4	9	9	9	9	9	9	9	9	miss
432,781	2	01DM_loe3998_3	95	Er hat es faustdick hinter den Ohren	22	432781	keine	0	40	36	7	-0,111111111	0,111111111	3,428571429	5,454545455	2	3,673057713	2,777777778	7	miss
436,82	2	01DM_loe3998_3	96	Sie gehen vor die Hunde	11	436820	keine	0	9	23	5	-2,111111111	2,111111111	2,125	4,636363636	3	3,811924834	2,875	5,5	miss
440,848	2	01DM_loe3998_3	97	Sie geht an die Decke	11	440848	keine	0	23	21	5	-1,777777778	1,777777778	5,25	5,8	2,9	3,877562694	3,375	7	miss
443,877	2	01DM_loe3998_3	98	## ### ### ### #########	77	443877	keine	0	205	24	5	9	9	9	9	9	9	9	9	miss
449,911	2	01DM_loe3998_3	99	Sie lacht aus vollem Hals	33	449911	keine	0	67	25	5	1,555555556	1,555555556	5,25	4,1	4,727272727	4,005689941	4,555555556	6,142857143	miss
453,945	2	01DM_loe3998_3	100	## ######## ##### #####	77	453945	keine	0	264	23	4	9	9	9	9	9	9	9	9	miss
